
Time: 0
Waiting Clients: (0, 40, 1)(28, 39, 7)(32, 39, 5)(26, 38, 1)(38, 38, 1)(23, 37, 4)(40, 37, 7)(19, 36, 7)(49, 36, 7)(13, 35, 2)(33, 35, 2)(21, 34, 3)(39, 34, 7)(41, 33, 5)(29, 32, 3)(8, 30, 2)(17, 30, 7)(27, 30, 1)(31, 29, 6)(46, 28, 6)(24, 27, 7)(37, 27, 7)(45, 27, 4)(25, 26, 6)(36, 26, 2)(7, 24, 3)(2, 22, 7)(44, 21, 3)(42, 20, 4)(48, 20, 2)(5, 18, 4)(3, 17, 2)(12, 17, 2)(10, 15, 1)(43, 14, 7)(11, 13, 6)(35, 13, 2)(4, 12, 7)(34, 12, 6)(20, 11, 2)(47, 10, 3)(16, 9, 6)(9, 7, 3)(30, 7, 4)(1, 6, 6)(18, 6, 3)(14, 5, 6)(15, 5, 2)(6, 4, 7)(22, 4, 4)

Queue 1: closed
Queue 2: closed
Queue 3: closed
Queue 4: closed
Queue 5: closed

Time: 1
Waiting Clients: (0, 40, 1)(28, 39, 7)(32, 39, 5)(26, 38, 1)(38, 38, 1)(23, 37, 4)(40, 37, 7)(19, 36, 7)(49, 36, 7)(13, 35, 2)(33, 35, 2)(21, 34, 3)(39, 34, 7)(41, 33, 5)(29, 32, 3)(8, 30, 2)(17, 30, 7)(27, 30, 1)(31, 29, 6)(46, 28, 6)(24, 27, 7)(37, 27, 7)(45, 27, 4)(25, 26, 6)(36, 26, 2)(7, 24, 3)(2, 22, 7)(44, 21, 3)(42, 20, 4)(48, 20, 2)(5, 18, 4)(3, 17, 2)(12, 17, 2)(10, 15, 1)(43, 14, 7)(11, 13, 6)(35, 13, 2)(4, 12, 7)(34, 12, 6)(20, 11, 2)(47, 10, 3)(16, 9, 6)(9, 7, 3)(30, 7, 4)(1, 6, 6)(18, 6, 3)(14, 5, 6)(15, 5, 2)(6, 4, 7)(22, 4, 4)

Queue 1: closed
Queue 2: closed
Queue 3: closed
Queue 4: closed
Queue 5: closed

Time: 2
Waiting Clients: (0, 40, 1)(28, 39, 7)(32, 39, 5)(26, 38, 1)(38, 38, 1)(23, 37, 4)(40, 37, 7)(19, 36, 7)(49, 36, 7)(13, 35, 2)(33, 35, 2)(21, 34, 3)(39, 34, 7)(41, 33, 5)(29, 32, 3)(8, 30, 2)(17, 30, 7)(27, 30, 1)(31, 29, 6)(46, 28, 6)(24, 27, 7)(37, 27, 7)(45, 27, 4)(25, 26, 6)(36, 26, 2)(7, 24, 3)(2, 22, 7)(44, 21, 3)(42, 20, 4)(48, 20, 2)(5, 18, 4)(3, 17, 2)(12, 17, 2)(10, 15, 1)(43, 14, 7)(11, 13, 6)(35, 13, 2)(4, 12, 7)(34, 12, 6)(20, 11, 2)(47, 10, 3)(16, 9, 6)(9, 7, 3)(30, 7, 4)(1, 6, 6)(18, 6, 3)(14, 5, 6)(15, 5, 2)(6, 4, 7)(22, 4, 4)

Queue 1: closed
Queue 2: closed
Queue 3: closed
Queue 4: closed
Queue 5: closed

Time: 3
Waiting Clients: (0, 40, 1)(28, 39, 7)(32, 39, 5)(26, 38, 1)(38, 38, 1)(23, 37, 4)(40, 37, 7)(19, 36, 7)(49, 36, 7)(13, 35, 2)(33, 35, 2)(21, 34, 3)(39, 34, 7)(41, 33, 5)(29, 32, 3)(8, 30, 2)(17, 30, 7)(27, 30, 1)(31, 29, 6)(46, 28, 6)(24, 27, 7)(37, 27, 7)(45, 27, 4)(25, 26, 6)(36, 26, 2)(7, 24, 3)(2, 22, 7)(44, 21, 3)(42, 20, 4)(48, 20, 2)(5, 18, 4)(3, 17, 2)(12, 17, 2)(10, 15, 1)(43, 14, 7)(11, 13, 6)(35, 13, 2)(4, 12, 7)(34, 12, 6)(20, 11, 2)(47, 10, 3)(16, 9, 6)(9, 7, 3)(30, 7, 4)(1, 6, 6)(18, 6, 3)(14, 5, 6)(15, 5, 2)(6, 4, 7)(22, 4, 4)

Queue 1: closed
Queue 2: closed
Queue 3: closed
Queue 4: closed
Queue 5: closed

Time: 4
Waiting Clients: (0, 40, 1)(28, 39, 7)(32, 39, 5)(26, 38, 1)(38, 38, 1)(23, 37, 4)(40, 37, 7)(19, 36, 7)(49, 36, 7)(13, 35, 2)(33, 35, 2)(21, 34, 3)(39, 34, 7)(41, 33, 5)(29, 32, 3)(8, 30, 2)(17, 30, 7)(27, 30, 1)(31, 29, 6)(46, 28, 6)(24, 27, 7)(37, 27, 7)(45, 27, 4)(25, 26, 6)(36, 26, 2)(7, 24, 3)(2, 22, 7)(44, 21, 3)(42, 20, 4)(48, 20, 2)(5, 18, 4)(3, 17, 2)(12, 17, 2)(10, 15, 1)(43, 14, 7)(11, 13, 6)(35, 13, 2)(4, 12, 7)(34, 12, 6)(20, 11, 2)(47, 10, 3)(16, 9, 6)(9, 7, 3)(30, 7, 4)(1, 6, 6)(18, 6, 3)(14, 5, 6)(15, 5, 2)(6, 4, 7)(22, 4, 4)

Queue 1: (6, 4, 7)
Queue 2: (22, 4, 4)
Queue 3: closed
Queue 4: closed
Queue 5: closed

Time: 5
Waiting Clients: (0, 40, 1)(28, 39, 7)(32, 39, 5)(26, 38, 1)(38, 38, 1)(23, 37, 4)(40, 37, 7)(19, 36, 7)(49, 36, 7)(13, 35, 2)(33, 35, 2)(21, 34, 3)(39, 34, 7)(41, 33, 5)(29, 32, 3)(8, 30, 2)(17, 30, 7)(27, 30, 1)(31, 29, 6)(46, 28, 6)(24, 27, 7)(37, 27, 7)(45, 27, 4)(25, 26, 6)(36, 26, 2)(7, 24, 3)(2, 22, 7)(44, 21, 3)(42, 20, 4)(48, 20, 2)(5, 18, 4)(3, 17, 2)(12, 17, 2)(10, 15, 1)(43, 14, 7)(11, 13, 6)(35, 13, 2)(4, 12, 7)(34, 12, 6)(20, 11, 2)(47, 10, 3)(16, 9, 6)(9, 7, 3)(30, 7, 4)(1, 6, 6)(18, 6, 3)(14, 5, 6)(15, 5, 2)

Queue 1: (6, 4, 6)
Queue 2: (22, 4, 3)
Queue 3: (14, 5, 6)
Queue 4: (15, 5, 2)
Queue 5: closed

Time: 6
Waiting Clients: (0, 40, 1)(28, 39, 7)(32, 39, 5)(26, 38, 1)(38, 38, 1)(23, 37, 4)(40, 37, 7)(19, 36, 7)(49, 36, 7)(13, 35, 2)(33, 35, 2)(21, 34, 3)(39, 34, 7)(41, 33, 5)(29, 32, 3)(8, 30, 2)(17, 30, 7)(27, 30, 1)(31, 29, 6)(46, 28, 6)(24, 27, 7)(37, 27, 7)(45, 27, 4)(25, 26, 6)(36, 26, 2)(7, 24, 3)(2, 22, 7)(44, 21, 3)(42, 20, 4)(48, 20, 2)(5, 18, 4)(3, 17, 2)(12, 17, 2)(10, 15, 1)(43, 14, 7)(11, 13, 6)(35, 13, 2)(4, 12, 7)(34, 12, 6)(20, 11, 2)(47, 10, 3)(16, 9, 6)(9, 7, 3)(30, 7, 4)(1, 6, 6)(18, 6, 3)

Queue 1: (6, 4, 5)(18, 6, 3)
Queue 2: (22, 4, 2)
Queue 3: (14, 5, 5)
Queue 4: (15, 5, 1)
Queue 5: (1, 6, 6)

Time: 7
Waiting Clients: (0, 40, 1)(28, 39, 7)(32, 39, 5)(26, 38, 1)(38, 38, 1)(23, 37, 4)(40, 37, 7)(19, 36, 7)(49, 36, 7)(13, 35, 2)(33, 35, 2)(21, 34, 3)(39, 34, 7)(41, 33, 5)(29, 32, 3)(8, 30, 2)(17, 30, 7)(27, 30, 1)(31, 29, 6)(46, 28, 6)(24, 27, 7)(37, 27, 7)(45, 27, 4)(25, 26, 6)(36, 26, 2)(7, 24, 3)(2, 22, 7)(44, 21, 3)(42, 20, 4)(48, 20, 2)(5, 18, 4)(3, 17, 2)(12, 17, 2)(10, 15, 1)(43, 14, 7)(11, 13, 6)(35, 13, 2)(4, 12, 7)(34, 12, 6)(20, 11, 2)(47, 10, 3)(16, 9, 6)(9, 7, 3)(30, 7, 4)

Queue 1: (6, 4, 4)(18, 6, 3)
Queue 2: (22, 4, 1)(9, 7, 3)
Queue 3: (14, 5, 4)(30, 7, 4)
Queue 4: closed
Queue 5: (1, 6, 5)

Time: 8
Waiting Clients: (0, 40, 1)(28, 39, 7)(32, 39, 5)(26, 38, 1)(38, 38, 1)(23, 37, 4)(40, 37, 7)(19, 36, 7)(49, 36, 7)(13, 35, 2)(33, 35, 2)(21, 34, 3)(39, 34, 7)(41, 33, 5)(29, 32, 3)(8, 30, 2)(17, 30, 7)(27, 30, 1)(31, 29, 6)(46, 28, 6)(24, 27, 7)(37, 27, 7)(45, 27, 4)(25, 26, 6)(36, 26, 2)(7, 24, 3)(2, 22, 7)(44, 21, 3)(42, 20, 4)(48, 20, 2)(5, 18, 4)(3, 17, 2)(12, 17, 2)(10, 15, 1)(43, 14, 7)(11, 13, 6)(35, 13, 2)(4, 12, 7)(34, 12, 6)(20, 11, 2)(47, 10, 3)(16, 9, 6)

Queue 1: (6, 4, 3)(18, 6, 3)
Queue 2: (9, 7, 3)
Queue 3: (14, 5, 3)(30, 7, 4)
Queue 4: closed
Queue 5: (1, 6, 4)

Time: 9
Waiting Clients: (0, 40, 1)(28, 39, 7)(32, 39, 5)(26, 38, 1)(38, 38, 1)(23, 37, 4)(40, 37, 7)(19, 36, 7)(49, 36, 7)(13, 35, 2)(33, 35, 2)(21, 34, 3)(39, 34, 7)(41, 33, 5)(29, 32, 3)(8, 30, 2)(17, 30, 7)(27, 30, 1)(31, 29, 6)(46, 28, 6)(24, 27, 7)(37, 27, 7)(45, 27, 4)(25, 26, 6)(36, 26, 2)(7, 24, 3)(2, 22, 7)(44, 21, 3)(42, 20, 4)(48, 20, 2)(5, 18, 4)(3, 17, 2)(12, 17, 2)(10, 15, 1)(43, 14, 7)(11, 13, 6)(35, 13, 2)(4, 12, 7)(34, 12, 6)(20, 11, 2)(47, 10, 3)(16, 9, 6)

Queue 1: (6, 4, 2)(18, 6, 3)
Queue 2: (9, 7, 2)
Queue 3: (14, 5, 2)(30, 7, 4)
Queue 4: (16, 9, 6)
Queue 5: (1, 6, 3)

Time: 10
Waiting Clients: (0, 40, 1)(28, 39, 7)(32, 39, 5)(26, 38, 1)(38, 38, 1)(23, 37, 4)(40, 37, 7)(19, 36, 7)(49, 36, 7)(13, 35, 2)(33, 35, 2)(21, 34, 3)(39, 34, 7)(41, 33, 5)(29, 32, 3)(8, 30, 2)(17, 30, 7)(27, 30, 1)(31, 29, 6)(46, 28, 6)(24, 27, 7)(37, 27, 7)(45, 27, 4)(25, 26, 6)(36, 26, 2)(7, 24, 3)(2, 22, 7)(44, 21, 3)(42, 20, 4)(48, 20, 2)(5, 18, 4)(3, 17, 2)(12, 17, 2)(10, 15, 1)(43, 14, 7)(11, 13, 6)(35, 13, 2)(4, 12, 7)(34, 12, 6)(20, 11, 2)(47, 10, 3)

Queue 1: (6, 4, 1)(18, 6, 3)
Queue 2: (9, 7, 1)
Queue 3: (14, 5, 1)(30, 7, 4)
Queue 4: (16, 9, 5)
Queue 5: (1, 6, 2)(47, 10, 3)

Time: 11
Waiting Clients: (0, 40, 1)(28, 39, 7)(32, 39, 5)(26, 38, 1)(38, 38, 1)(23, 37, 4)(40, 37, 7)(19, 36, 7)(49, 36, 7)(13, 35, 2)(33, 35, 2)(21, 34, 3)(39, 34, 7)(41, 33, 5)(29, 32, 3)(8, 30, 2)(17, 30, 7)(27, 30, 1)(31, 29, 6)(46, 28, 6)(24, 27, 7)(37, 27, 7)(45, 27, 4)(25, 26, 6)(36, 26, 2)(7, 24, 3)(2, 22, 7)(44, 21, 3)(42, 20, 4)(48, 20, 2)(5, 18, 4)(3, 17, 2)(12, 17, 2)(10, 15, 1)(43, 14, 7)(11, 13, 6)(35, 13, 2)(4, 12, 7)(34, 12, 6)(20, 11, 2)

Queue 1: (18, 6, 3)(20, 11, 2)
Queue 2: closed
Queue 3: (30, 7, 4)
Queue 4: (16, 9, 4)
Queue 5: (1, 6, 1)(47, 10, 3)

Time: 12
Waiting Clients: (0, 40, 1)(28, 39, 7)(32, 39, 5)(26, 38, 1)(38, 38, 1)(23, 37, 4)(40, 37, 7)(19, 36, 7)(49, 36, 7)(13, 35, 2)(33, 35, 2)(21, 34, 3)(39, 34, 7)(41, 33, 5)(29, 32, 3)(8, 30, 2)(17, 30, 7)(27, 30, 1)(31, 29, 6)(46, 28, 6)(24, 27, 7)(37, 27, 7)(45, 27, 4)(25, 26, 6)(36, 26, 2)(7, 24, 3)(2, 22, 7)(44, 21, 3)(42, 20, 4)(48, 20, 2)(5, 18, 4)(3, 17, 2)(12, 17, 2)(10, 15, 1)(43, 14, 7)(11, 13, 6)(35, 13, 2)(4, 12, 7)(34, 12, 6)

Queue 1: (18, 6, 2)(20, 11, 2)
Queue 2: (4, 12, 7)
Queue 3: (30, 7, 3)(34, 12, 6)
Queue 4: (16, 9, 3)
Queue 5: (47, 10, 3)

Time: 13
Waiting Clients: (0, 40, 1)(28, 39, 7)(32, 39, 5)(26, 38, 1)(38, 38, 1)(23, 37, 4)(40, 37, 7)(19, 36, 7)(49, 36, 7)(13, 35, 2)(33, 35, 2)(21, 34, 3)(39, 34, 7)(41, 33, 5)(29, 32, 3)(8, 30, 2)(17, 30, 7)(27, 30, 1)(31, 29, 6)(46, 28, 6)(24, 27, 7)(37, 27, 7)(45, 27, 4)(25, 26, 6)(36, 26, 2)(7, 24, 3)(2, 22, 7)(44, 21, 3)(42, 20, 4)(48, 20, 2)(5, 18, 4)(3, 17, 2)(12, 17, 2)(10, 15, 1)(43, 14, 7)(11, 13, 6)(35, 13, 2)

Queue 1: (18, 6, 1)(20, 11, 2)
Queue 2: (4, 12, 6)
Queue 3: (30, 7, 2)(34, 12, 6)
Queue 4: (16, 9, 2)(11, 13, 6)
Queue 5: (47, 10, 2)(35, 13, 2)

Time: 14
Waiting Clients: (0, 40, 1)(28, 39, 7)(32, 39, 5)(26, 38, 1)(38, 38, 1)(23, 37, 4)(40, 37, 7)(19, 36, 7)(49, 36, 7)(13, 35, 2)(33, 35, 2)(21, 34, 3)(39, 34, 7)(41, 33, 5)(29, 32, 3)(8, 30, 2)(17, 30, 7)(27, 30, 1)(31, 29, 6)(46, 28, 6)(24, 27, 7)(37, 27, 7)(45, 27, 4)(25, 26, 6)(36, 26, 2)(7, 24, 3)(2, 22, 7)(44, 21, 3)(42, 20, 4)(48, 20, 2)(5, 18, 4)(3, 17, 2)(12, 17, 2)(10, 15, 1)(43, 14, 7)

Queue 1: (20, 11, 2)(43, 14, 7)
Queue 2: (4, 12, 5)
Queue 3: (30, 7, 1)(34, 12, 6)
Queue 4: (16, 9, 1)(11, 13, 6)
Queue 5: (47, 10, 1)(35, 13, 2)

Time: 15
Waiting Clients: (0, 40, 1)(28, 39, 7)(32, 39, 5)(26, 38, 1)(38, 38, 1)(23, 37, 4)(40, 37, 7)(19, 36, 7)(49, 36, 7)(13, 35, 2)(33, 35, 2)(21, 34, 3)(39, 34, 7)(41, 33, 5)(29, 32, 3)(8, 30, 2)(17, 30, 7)(27, 30, 1)(31, 29, 6)(46, 28, 6)(24, 27, 7)(37, 27, 7)(45, 27, 4)(25, 26, 6)(36, 26, 2)(7, 24, 3)(2, 22, 7)(44, 21, 3)(42, 20, 4)(48, 20, 2)(5, 18, 4)(3, 17, 2)(12, 17, 2)(10, 15, 1)

Queue 1: (20, 11, 1)(43, 14, 7)
Queue 2: (4, 12, 4)(10, 15, 1)
Queue 3: (34, 12, 6)
Queue 4: (11, 13, 6)
Queue 5: (35, 13, 2)

Time: 16
Waiting Clients: (0, 40, 1)(28, 39, 7)(32, 39, 5)(26, 38, 1)(38, 38, 1)(23, 37, 4)(40, 37, 7)(19, 36, 7)(49, 36, 7)(13, 35, 2)(33, 35, 2)(21, 34, 3)(39, 34, 7)(41, 33, 5)(29, 32, 3)(8, 30, 2)(17, 30, 7)(27, 30, 1)(31, 29, 6)(46, 28, 6)(24, 27, 7)(37, 27, 7)(45, 27, 4)(25, 26, 6)(36, 26, 2)(7, 24, 3)(2, 22, 7)(44, 21, 3)(42, 20, 4)(48, 20, 2)(5, 18, 4)(3, 17, 2)(12, 17, 2)

Queue 1: (43, 14, 7)
Queue 2: (4, 12, 3)(10, 15, 1)
Queue 3: (34, 12, 5)
Queue 4: (11, 13, 5)
Queue 5: (35, 13, 1)

Time: 17
Waiting Clients: (0, 40, 1)(28, 39, 7)(32, 39, 5)(26, 38, 1)(38, 38, 1)(23, 37, 4)(40, 37, 7)(19, 36, 7)(49, 36, 7)(13, 35, 2)(33, 35, 2)(21, 34, 3)(39, 34, 7)(41, 33, 5)(29, 32, 3)(8, 30, 2)(17, 30, 7)(27, 30, 1)(31, 29, 6)(46, 28, 6)(24, 27, 7)(37, 27, 7)(45, 27, 4)(25, 26, 6)(36, 26, 2)(7, 24, 3)(2, 22, 7)(44, 21, 3)(42, 20, 4)(48, 20, 2)(5, 18, 4)(3, 17, 2)(12, 17, 2)

Queue 1: (43, 14, 6)
Queue 2: (4, 12, 2)(10, 15, 1)
Queue 3: (34, 12, 4)(3, 17, 2)
Queue 4: (11, 13, 4)(12, 17, 2)
Queue 5: closed

Time: 18
Waiting Clients: (0, 40, 1)(28, 39, 7)(32, 39, 5)(26, 38, 1)(38, 38, 1)(23, 37, 4)(40, 37, 7)(19, 36, 7)(49, 36, 7)(13, 35, 2)(33, 35, 2)(21, 34, 3)(39, 34, 7)(41, 33, 5)(29, 32, 3)(8, 30, 2)(17, 30, 7)(27, 30, 1)(31, 29, 6)(46, 28, 6)(24, 27, 7)(37, 27, 7)(45, 27, 4)(25, 26, 6)(36, 26, 2)(7, 24, 3)(2, 22, 7)(44, 21, 3)(42, 20, 4)(48, 20, 2)(5, 18, 4)

Queue 1: (43, 14, 5)
Queue 2: (4, 12, 1)(10, 15, 1)
Queue 3: (34, 12, 3)(3, 17, 2)
Queue 4: (11, 13, 3)(12, 17, 2)
Queue 5: (5, 18, 4)

Time: 19
Waiting Clients: (0, 40, 1)(28, 39, 7)(32, 39, 5)(26, 38, 1)(38, 38, 1)(23, 37, 4)(40, 37, 7)(19, 36, 7)(49, 36, 7)(13, 35, 2)(33, 35, 2)(21, 34, 3)(39, 34, 7)(41, 33, 5)(29, 32, 3)(8, 30, 2)(17, 30, 7)(27, 30, 1)(31, 29, 6)(46, 28, 6)(24, 27, 7)(37, 27, 7)(45, 27, 4)(25, 26, 6)(36, 26, 2)(7, 24, 3)(2, 22, 7)(44, 21, 3)(42, 20, 4)(48, 20, 2)

Queue 1: (43, 14, 4)
Queue 2: (10, 15, 1)
Queue 3: (34, 12, 2)(3, 17, 2)
Queue 4: (11, 13, 2)(12, 17, 2)
Queue 5: (5, 18, 3)

Time: 20
Waiting Clients: (0, 40, 1)(28, 39, 7)(32, 39, 5)(26, 38, 1)(38, 38, 1)(23, 37, 4)(40, 37, 7)(19, 36, 7)(49, 36, 7)(13, 35, 2)(33, 35, 2)(21, 34, 3)(39, 34, 7)(41, 33, 5)(29, 32, 3)(8, 30, 2)(17, 30, 7)(27, 30, 1)(31, 29, 6)(46, 28, 6)(24, 27, 7)(37, 27, 7)(45, 27, 4)(25, 26, 6)(36, 26, 2)(7, 24, 3)(2, 22, 7)(44, 21, 3)(42, 20, 4)(48, 20, 2)

Queue 1: (43, 14, 3)(42, 20, 4)
Queue 2: (48, 20, 2)
Queue 3: (34, 12, 1)(3, 17, 2)
Queue 4: (11, 13, 1)(12, 17, 2)
Queue 5: (5, 18, 2)

Time: 21
Waiting Clients: (0, 40, 1)(28, 39, 7)(32, 39, 5)(26, 38, 1)(38, 38, 1)(23, 37, 4)(40, 37, 7)(19, 36, 7)(49, 36, 7)(13, 35, 2)(33, 35, 2)(21, 34, 3)(39, 34, 7)(41, 33, 5)(29, 32, 3)(8, 30, 2)(17, 30, 7)(27, 30, 1)(31, 29, 6)(46, 28, 6)(24, 27, 7)(37, 27, 7)(45, 27, 4)(25, 26, 6)(36, 26, 2)(7, 24, 3)(2, 22, 7)(44, 21, 3)

Queue 1: (43, 14, 2)(42, 20, 4)
Queue 2: (48, 20, 1)
Queue 3: (3, 17, 2)(44, 21, 3)
Queue 4: (12, 17, 2)
Queue 5: (5, 18, 1)

Time: 22
Waiting Clients: (0, 40, 1)(28, 39, 7)(32, 39, 5)(26, 38, 1)(38, 38, 1)(23, 37, 4)(40, 37, 7)(19, 36, 7)(49, 36, 7)(13, 35, 2)(33, 35, 2)(21, 34, 3)(39, 34, 7)(41, 33, 5)(29, 32, 3)(8, 30, 2)(17, 30, 7)(27, 30, 1)(31, 29, 6)(46, 28, 6)(24, 27, 7)(37, 27, 7)(45, 27, 4)(25, 26, 6)(36, 26, 2)(7, 24, 3)(2, 22, 7)

Queue 1: (43, 14, 1)(42, 20, 4)
Queue 2: closed
Queue 3: (3, 17, 1)(44, 21, 3)
Queue 4: (12, 17, 1)(2, 22, 7)
Queue 5: closed

Time: 23
Waiting Clients: (0, 40, 1)(28, 39, 7)(32, 39, 5)(26, 38, 1)(38, 38, 1)(23, 37, 4)(40, 37, 7)(19, 36, 7)(49, 36, 7)(13, 35, 2)(33, 35, 2)(21, 34, 3)(39, 34, 7)(41, 33, 5)(29, 32, 3)(8, 30, 2)(17, 30, 7)(27, 30, 1)(31, 29, 6)(46, 28, 6)(24, 27, 7)(37, 27, 7)(45, 27, 4)(25, 26, 6)(36, 26, 2)(7, 24, 3)

Queue 1: (42, 20, 4)
Queue 2: closed
Queue 3: (44, 21, 3)
Queue 4: (2, 22, 7)
Queue 5: closed

Time: 24
Waiting Clients: (0, 40, 1)(28, 39, 7)(32, 39, 5)(26, 38, 1)(38, 38, 1)(23, 37, 4)(40, 37, 7)(19, 36, 7)(49, 36, 7)(13, 35, 2)(33, 35, 2)(21, 34, 3)(39, 34, 7)(41, 33, 5)(29, 32, 3)(8, 30, 2)(17, 30, 7)(27, 30, 1)(31, 29, 6)(46, 28, 6)(24, 27, 7)(37, 27, 7)(45, 27, 4)(25, 26, 6)(36, 26, 2)(7, 24, 3)

Queue 1: (42, 20, 3)
Queue 2: closed
Queue 3: (44, 21, 2)
Queue 4: (2, 22, 6)
Queue 5: (7, 24, 3)

Time: 25
Waiting Clients: (0, 40, 1)(28, 39, 7)(32, 39, 5)(26, 38, 1)(38, 38, 1)(23, 37, 4)(40, 37, 7)(19, 36, 7)(49, 36, 7)(13, 35, 2)(33, 35, 2)(21, 34, 3)(39, 34, 7)(41, 33, 5)(29, 32, 3)(8, 30, 2)(17, 30, 7)(27, 30, 1)(31, 29, 6)(46, 28, 6)(24, 27, 7)(37, 27, 7)(45, 27, 4)(25, 26, 6)(36, 26, 2)

Queue 1: (42, 20, 2)
Queue 2: closed
Queue 3: (44, 21, 1)
Queue 4: (2, 22, 5)
Queue 5: (7, 24, 2)

Time: 26
Waiting Clients: (0, 40, 1)(28, 39, 7)(32, 39, 5)(26, 38, 1)(38, 38, 1)(23, 37, 4)(40, 37, 7)(19, 36, 7)(49, 36, 7)(13, 35, 2)(33, 35, 2)(21, 34, 3)(39, 34, 7)(41, 33, 5)(29, 32, 3)(8, 30, 2)(17, 30, 7)(27, 30, 1)(31, 29, 6)(46, 28, 6)(24, 27, 7)(37, 27, 7)(45, 27, 4)(25, 26, 6)(36, 26, 2)

Queue 1: (42, 20, 1)(25, 26, 6)
Queue 2: (36, 26, 2)
Queue 3: closed
Queue 4: (2, 22, 4)
Queue 5: (7, 24, 1)

Time: 27
Waiting Clients: (0, 40, 1)(28, 39, 7)(32, 39, 5)(26, 38, 1)(38, 38, 1)(23, 37, 4)(40, 37, 7)(19, 36, 7)(49, 36, 7)(13, 35, 2)(33, 35, 2)(21, 34, 3)(39, 34, 7)(41, 33, 5)(29, 32, 3)(8, 30, 2)(17, 30, 7)(27, 30, 1)(31, 29, 6)(46, 28, 6)(24, 27, 7)(37, 27, 7)(45, 27, 4)

Queue 1: (25, 26, 6)
Queue 2: (36, 26, 1)
Queue 3: (24, 27, 7)
Queue 4: (2, 22, 3)(37, 27, 7)
Queue 5: (45, 27, 4)

Time: 28
Waiting Clients: (0, 40, 1)(28, 39, 7)(32, 39, 5)(26, 38, 1)(38, 38, 1)(23, 37, 4)(40, 37, 7)(19, 36, 7)(49, 36, 7)(13, 35, 2)(33, 35, 2)(21, 34, 3)(39, 34, 7)(41, 33, 5)(29, 32, 3)(8, 30, 2)(17, 30, 7)(27, 30, 1)(31, 29, 6)(46, 28, 6)

Queue 1: (25, 26, 5)(46, 28, 6)
Queue 2: closed
Queue 3: (24, 27, 6)
Queue 4: (2, 22, 2)(37, 27, 7)
Queue 5: (45, 27, 3)

Time: 29
Waiting Clients: (0, 40, 1)(28, 39, 7)(32, 39, 5)(26, 38, 1)(38, 38, 1)(23, 37, 4)(40, 37, 7)(19, 36, 7)(49, 36, 7)(13, 35, 2)(33, 35, 2)(21, 34, 3)(39, 34, 7)(41, 33, 5)(29, 32, 3)(8, 30, 2)(17, 30, 7)(27, 30, 1)(31, 29, 6)

Queue 1: (25, 26, 4)(46, 28, 6)
Queue 2: (31, 29, 6)
Queue 3: (24, 27, 5)
Queue 4: (2, 22, 1)(37, 27, 7)
Queue 5: (45, 27, 2)

Time: 30
Waiting Clients: (0, 40, 1)(28, 39, 7)(32, 39, 5)(26, 38, 1)(38, 38, 1)(23, 37, 4)(40, 37, 7)(19, 36, 7)(49, 36, 7)(13, 35, 2)(33, 35, 2)(21, 34, 3)(39, 34, 7)(41, 33, 5)(29, 32, 3)(8, 30, 2)(17, 30, 7)(27, 30, 1)

Queue 1: (25, 26, 3)(46, 28, 6)
Queue 2: (31, 29, 5)
Queue 3: (24, 27, 4)(8, 30, 2)
Queue 4: (37, 27, 7)(17, 30, 7)
Queue 5: (45, 27, 1)(27, 30, 1)

Time: 31
Waiting Clients: (0, 40, 1)(28, 39, 7)(32, 39, 5)(26, 38, 1)(38, 38, 1)(23, 37, 4)(40, 37, 7)(19, 36, 7)(49, 36, 7)(13, 35, 2)(33, 35, 2)(21, 34, 3)(39, 34, 7)(41, 33, 5)(29, 32, 3)

Queue 1: (25, 26, 2)(46, 28, 6)
Queue 2: (31, 29, 4)
Queue 3: (24, 27, 3)(8, 30, 2)
Queue 4: (37, 27, 6)(17, 30, 7)
Queue 5: (27, 30, 1)

Time: 32
Waiting Clients: (0, 40, 1)(28, 39, 7)(32, 39, 5)(26, 38, 1)(38, 38, 1)(23, 37, 4)(40, 37, 7)(19, 36, 7)(49, 36, 7)(13, 35, 2)(33, 35, 2)(21, 34, 3)(39, 34, 7)(41, 33, 5)(29, 32, 3)

Queue 1: (25, 26, 1)(46, 28, 6)(29, 32, 3)
Queue 2: (31, 29, 3)
Queue 3: (24, 27, 2)(8, 30, 2)
Queue 4: (37, 27, 5)(17, 30, 7)
Queue 5: closed

Time: 33
Waiting Clients: (0, 40, 1)(28, 39, 7)(32, 39, 5)(26, 38, 1)(38, 38, 1)(23, 37, 4)(40, 37, 7)(19, 36, 7)(49, 36, 7)(13, 35, 2)(33, 35, 2)(21, 34, 3)(39, 34, 7)(41, 33, 5)

Queue 1: (46, 28, 6)(29, 32, 3)
Queue 2: (31, 29, 2)(41, 33, 5)
Queue 3: (24, 27, 1)(8, 30, 2)
Queue 4: (37, 27, 4)(17, 30, 7)
Queue 5: closed

Time: 34
Waiting Clients: (0, 40, 1)(28, 39, 7)(32, 39, 5)(26, 38, 1)(38, 38, 1)(23, 37, 4)(40, 37, 7)(19, 36, 7)(49, 36, 7)(13, 35, 2)(33, 35, 2)(21, 34, 3)(39, 34, 7)

Queue 1: (46, 28, 5)(29, 32, 3)
Queue 2: (31, 29, 1)(41, 33, 5)
Queue 3: (8, 30, 2)(21, 34, 3)
Queue 4: (37, 27, 3)(17, 30, 7)(39, 34, 7)
Queue 5: closed

Time: 35
Waiting Clients: (0, 40, 1)(28, 39, 7)(32, 39, 5)(26, 38, 1)(38, 38, 1)(23, 37, 4)(40, 37, 7)(19, 36, 7)(49, 36, 7)(13, 35, 2)(33, 35, 2)

Queue 1: (46, 28, 4)(29, 32, 3)(33, 35, 2)
Queue 2: (41, 33, 5)
Queue 3: (8, 30, 1)(21, 34, 3)
Queue 4: (37, 27, 2)(17, 30, 7)(39, 34, 7)
Queue 5: (13, 35, 2)

Time: 36
Waiting Clients: (0, 40, 1)(28, 39, 7)(32, 39, 5)(26, 38, 1)(38, 38, 1)(23, 37, 4)(40, 37, 7)(19, 36, 7)(49, 36, 7)

Queue 1: (46, 28, 3)(29, 32, 3)(33, 35, 2)
Queue 2: (41, 33, 4)(19, 36, 7)
Queue 3: (21, 34, 3)(49, 36, 7)
Queue 4: (37, 27, 1)(17, 30, 7)(39, 34, 7)
Queue 5: (13, 35, 1)

Time: 37
Waiting Clients: (0, 40, 1)(28, 39, 7)(32, 39, 5)(26, 38, 1)(38, 38, 1)(23, 37, 4)(40, 37, 7)

Queue 1: (46, 28, 2)(29, 32, 3)(33, 35, 2)
Queue 2: (41, 33, 3)(19, 36, 7)
Queue 3: (21, 34, 2)(49, 36, 7)
Queue 4: (17, 30, 7)(39, 34, 7)(23, 37, 4)
Queue 5: (40, 37, 7)

Time: 38
Waiting Clients: (0, 40, 1)(28, 39, 7)(32, 39, 5)(26, 38, 1)(38, 38, 1)

Queue 1: (46, 28, 1)(29, 32, 3)(33, 35, 2)(26, 38, 1)
Queue 2: (41, 33, 2)(19, 36, 7)(38, 38, 1)
Queue 3: (21, 34, 1)(49, 36, 7)
Queue 4: (17, 30, 6)(39, 34, 7)(23, 37, 4)
Queue 5: (40, 37, 6)

Time: 39
Waiting Clients: (0, 40, 1)(28, 39, 7)(32, 39, 5)

Queue 1: (29, 32, 3)(33, 35, 2)(26, 38, 1)
Queue 2: (41, 33, 1)(19, 36, 7)(38, 38, 1)
Queue 3: (49, 36, 7)(28, 39, 7)
Queue 4: (17, 30, 5)(39, 34, 7)(23, 37, 4)(32, 39, 5)
Queue 5: (40, 37, 5)

Time: 40
Waiting Clients: (0, 40, 1)

Queue 1: (29, 32, 2)(33, 35, 2)(26, 38, 1)
Queue 2: (19, 36, 7)(38, 38, 1)
Queue 3: (49, 36, 6)(28, 39, 7)
Queue 4: (17, 30, 4)(39, 34, 7)(23, 37, 4)(32, 39, 5)
Queue 5: (40, 37, 4)(0, 40, 1)

Time: 41
Waiting Clients: 
Queue 1: (29, 32, 1)(33, 35, 2)(26, 38, 1)
Queue 2: (19, 36, 6)(38, 38, 1)
Queue 3: (49, 36, 5)(28, 39, 7)
Queue 4: (17, 30, 3)(39, 34, 7)(23, 37, 4)(32, 39, 5)
Queue 5: (40, 37, 3)(0, 40, 1)

Time: 42
Waiting Clients: 
Queue 1: (33, 35, 2)(26, 38, 1)
Queue 2: (19, 36, 5)(38, 38, 1)
Queue 3: (49, 36, 4)(28, 39, 7)
Queue 4: (17, 30, 2)(39, 34, 7)(23, 37, 4)(32, 39, 5)
Queue 5: (40, 37, 2)(0, 40, 1)

Time: 43
Waiting Clients: 
Queue 1: (33, 35, 1)(26, 38, 1)
Queue 2: (19, 36, 4)(38, 38, 1)
Queue 3: (49, 36, 3)(28, 39, 7)
Queue 4: (17, 30, 1)(39, 34, 7)(23, 37, 4)(32, 39, 5)
Queue 5: (40, 37, 1)(0, 40, 1)

Time: 44
Waiting Clients: 
Queue 1: (26, 38, 1)
Queue 2: (19, 36, 3)(38, 38, 1)
Queue 3: (49, 36, 2)(28, 39, 7)
Queue 4: (39, 34, 7)(23, 37, 4)(32, 39, 5)
Queue 5: (0, 40, 1)

Time: 45
Waiting Clients: 
Queue 1: closed
Queue 2: (19, 36, 2)(38, 38, 1)
Queue 3: (49, 36, 1)(28, 39, 7)
Queue 4: (39, 34, 6)(23, 37, 4)(32, 39, 5)
Queue 5: closed

Time: 46
Waiting Clients: 
Queue 1: closed
Queue 2: (19, 36, 1)(38, 38, 1)
Queue 3: (28, 39, 7)
Queue 4: (39, 34, 5)(23, 37, 4)(32, 39, 5)
Queue 5: closed

Time: 47
Waiting Clients: 
Queue 1: closed
Queue 2: (38, 38, 1)
Queue 3: (28, 39, 6)
Queue 4: (39, 34, 4)(23, 37, 4)(32, 39, 5)
Queue 5: closed

Time: 48
Waiting Clients: 
Queue 1: closed
Queue 2: closed
Queue 3: (28, 39, 5)
Queue 4: (39, 34, 3)(23, 37, 4)(32, 39, 5)
Queue 5: closed

Time: 49
Waiting Clients: 
Queue 1: closed
Queue 2: closed
Queue 3: (28, 39, 4)
Queue 4: (39, 34, 2)(23, 37, 4)(32, 39, 5)
Queue 5: closed

Time: 50
Waiting Clients: 
Queue 1: closed
Queue 2: closed
Queue 3: (28, 39, 3)
Queue 4: (39, 34, 1)(23, 37, 4)(32, 39, 5)
Queue 5: closed

Time: 51
Waiting Clients: 
Queue 1: closed
Queue 2: closed
Queue 3: (28, 39, 2)
Queue 4: (23, 37, 4)(32, 39, 5)
Queue 5: closed

Time: 52
Waiting Clients: 
Queue 1: closed
Queue 2: closed
Queue 3: (28, 39, 1)
Queue 4: (23, 37, 3)(32, 39, 5)
Queue 5: closed

Time: 53
Waiting Clients: 
Queue 1: closed
Queue 2: closed
Queue 3: closed
Queue 4: (23, 37, 2)(32, 39, 5)
Queue 5: closed

Time: 54
Waiting Clients: 
Queue 1: closed
Queue 2: closed
Queue 3: closed
Queue 4: (23, 37, 1)(32, 39, 5)
Queue 5: closed

Time: 55
Waiting Clients: 
Queue 1: closed
Queue 2: closed
Queue 3: closed
Queue 4: (32, 39, 5)
Queue 5: closed

Time: 56
Waiting Clients: 
Queue 1: closed
Queue 2: closed
Queue 3: closed
Queue 4: (32, 39, 4)
Queue 5: closed

Time: 57
Waiting Clients: 
Queue 1: closed
Queue 2: closed
Queue 3: closed
Queue 4: (32, 39, 3)
Queue 5: closed

Time: 58
Waiting Clients: 
Queue 1: closed
Queue 2: closed
Queue 3: closed
Queue 4: (32, 39, 2)
Queue 5: closed

Time: 59
Waiting Clients: 
Queue 1: closed
Queue 2: closed
Queue 3: closed
Queue 4: (32, 39, 1)
Queue 5: closed
