
Time: 0
Waiting Clients: (2, 4, 3)(7, 4, 5)(9, 4, 5)(11, 4, 4)(14, 4, 3)(15, 4, 3)(19, 4, 3)(20, 4, 3)(21, 4, 4)(22, 4, 3)(23, 4, 5)(24, 4, 4)(27, 4, 3)(38, 4, 3)(39, 4, 3)(41, 4, 4)(45, 4, 4)(47, 4, 3)(48, 4, 5)(50, 4, 4)(52, 4, 3)(53, 4, 5)(57, 4, 3)(58, 4, 5)(60, 4, 3)(61, 4, 3)(70, 4, 4)(80, 4, 3)(85, 4, 4)(89, 4, 5)(93, 4, 3)(94, 4, 5)(95, 4, 5)(98, 4, 3)(0, 3, 3)(5, 3, 3)(10, 3, 4)(12, 3, 4)(13, 3, 4)(17, 3, 5)(26, 3, 4)(28, 3, 3)(30, 3, 4)(31, 3, 5)(34, 3, 4)(35, 3, 3)(40, 3, 5)(43, 3, 4)(46, 3, 4)(51, 3, 3)(54, 3, 5)(55, 3, 4)(66, 3, 3)(67, 3, 3)(69, 3, 4)(73, 3, 5)(74, 3, 5)(76, 3, 5)(77, 3, 5)(83, 3, 3)(86, 3, 4)(90, 3, 3)(91, 3, 5)(92, 3, 3)(97, 3, 4)(99, 3, 4)(1, 2, 3)(3, 2, 3)(4, 2, 5)(6, 2, 3)(8, 2, 5)(16, 2, 5)(18, 2, 5)(25, 2, 3)(29, 2, 4)(32, 2, 3)(33, 2, 3)(36, 2, 5)(37, 2, 4)(42, 2, 5)(44, 2, 5)(49, 2, 4)(56, 2, 3)(59, 2, 4)(62, 2, 5)(63, 2, 3)(64, 2, 4)(65, 2, 5)(68, 2, 4)(71, 2, 3)(72, 2, 5)(75, 2, 4)(78, 2, 5)(79, 2, 5)(81, 2, 4)(82, 2, 4)(84, 2, 4)(87, 2, 4)(88, 2, 3)(96, 2, 5)

Queue 1: closed
Queue 2: closed
Queue 3: closed
Queue 4: closed
Queue 5: closed

Time: 1
Waiting Clients: (2, 4, 3)(7, 4, 5)(9, 4, 5)(11, 4, 4)(14, 4, 3)(15, 4, 3)(19, 4, 3)(20, 4, 3)(21, 4, 4)(22, 4, 3)(23, 4, 5)(24, 4, 4)(27, 4, 3)(38, 4, 3)(39, 4, 3)(41, 4, 4)(45, 4, 4)(47, 4, 3)(48, 4, 5)(50, 4, 4)(52, 4, 3)(53, 4, 5)(57, 4, 3)(58, 4, 5)(60, 4, 3)(61, 4, 3)(70, 4, 4)(80, 4, 3)(85, 4, 4)(89, 4, 5)(93, 4, 3)(94, 4, 5)(95, 4, 5)(98, 4, 3)(0, 3, 3)(5, 3, 3)(10, 3, 4)(12, 3, 4)(13, 3, 4)(17, 3, 5)(26, 3, 4)(28, 3, 3)(30, 3, 4)(31, 3, 5)(34, 3, 4)(35, 3, 3)(40, 3, 5)(43, 3, 4)(46, 3, 4)(51, 3, 3)(54, 3, 5)(55, 3, 4)(66, 3, 3)(67, 3, 3)(69, 3, 4)(73, 3, 5)(74, 3, 5)(76, 3, 5)(77, 3, 5)(83, 3, 3)(86, 3, 4)(90, 3, 3)(91, 3, 5)(92, 3, 3)(97, 3, 4)(99, 3, 4)(1, 2, 3)(3, 2, 3)(4, 2, 5)(6, 2, 3)(8, 2, 5)(16, 2, 5)(18, 2, 5)(25, 2, 3)(29, 2, 4)(32, 2, 3)(33, 2, 3)(36, 2, 5)(37, 2, 4)(42, 2, 5)(44, 2, 5)(49, 2, 4)(56, 2, 3)(59, 2, 4)(62, 2, 5)(63, 2, 3)(64, 2, 4)(65, 2, 5)(68, 2, 4)(71, 2, 3)(72, 2, 5)(75, 2, 4)(78, 2, 5)(79, 2, 5)(81, 2, 4)(82, 2, 4)(84, 2, 4)(87, 2, 4)(88, 2, 3)(96, 2, 5)

Queue 1: closed
Queue 2: closed
Queue 3: closed
Queue 4: closed
Queue 5: closed

Time: 2
Waiting Clients: (2, 4, 3)(7, 4, 5)(9, 4, 5)(11, 4, 4)(14, 4, 3)(15, 4, 3)(19, 4, 3)(20, 4, 3)(21, 4, 4)(22, 4, 3)(23, 4, 5)(24, 4, 4)(27, 4, 3)(38, 4, 3)(39, 4, 3)(41, 4, 4)(45, 4, 4)(47, 4, 3)(48, 4, 5)(50, 4, 4)(52, 4, 3)(53, 4, 5)(57, 4, 3)(58, 4, 5)(60, 4, 3)(61, 4, 3)(70, 4, 4)(80, 4, 3)(85, 4, 4)(89, 4, 5)(93, 4, 3)(94, 4, 5)(95, 4, 5)(98, 4, 3)(0, 3, 3)(5, 3, 3)(10, 3, 4)(12, 3, 4)(13, 3, 4)(17, 3, 5)(26, 3, 4)(28, 3, 3)(30, 3, 4)(31, 3, 5)(34, 3, 4)(35, 3, 3)(40, 3, 5)(43, 3, 4)(46, 3, 4)(51, 3, 3)(54, 3, 5)(55, 3, 4)(66, 3, 3)(67, 3, 3)(69, 3, 4)(73, 3, 5)(74, 3, 5)(76, 3, 5)(77, 3, 5)(83, 3, 3)(86, 3, 4)(90, 3, 3)(91, 3, 5)(92, 3, 3)(97, 3, 4)(99, 3, 4)(1, 2, 3)(3, 2, 3)(4, 2, 5)(6, 2, 3)(8, 2, 5)(16, 2, 5)(18, 2, 5)(25, 2, 3)(29, 2, 4)(32, 2, 3)(33, 2, 3)(36, 2, 5)(37, 2, 4)(42, 2, 5)(44, 2, 5)(49, 2, 4)(56, 2, 3)(59, 2, 4)(62, 2, 5)(63, 2, 3)(64, 2, 4)(65, 2, 5)(68, 2, 4)(71, 2, 3)(72, 2, 5)(75, 2, 4)(78, 2, 5)(79, 2, 5)(81, 2, 4)(82, 2, 4)(84, 2, 4)(87, 2, 4)(88, 2, 3)(96, 2, 5)

Queue 1: (1, 2, 3)(16, 2, 5)(33, 2, 3)(49, 2, 4)(64, 2, 4)(75, 2, 4)(84, 2, 4)
Queue 2: (3, 2, 3)(18, 2, 5)(36, 2, 5)(56, 2, 3)(65, 2, 5)(78, 2, 5)(87, 2, 4)
Queue 3: (4, 2, 5)(25, 2, 3)(37, 2, 4)(59, 2, 4)(68, 2, 4)(79, 2, 5)(88, 2, 3)
Queue 4: (6, 2, 3)(29, 2, 4)(42, 2, 5)(62, 2, 5)(71, 2, 3)(81, 2, 4)(96, 2, 5)
Queue 5: (8, 2, 5)(32, 2, 3)(44, 2, 5)(63, 2, 3)(72, 2, 5)(82, 2, 4)

Time: 3
Waiting Clients: (2, 4, 3)(7, 4, 5)(9, 4, 5)(11, 4, 4)(14, 4, 3)(15, 4, 3)(19, 4, 3)(20, 4, 3)(21, 4, 4)(22, 4, 3)(23, 4, 5)(24, 4, 4)(27, 4, 3)(38, 4, 3)(39, 4, 3)(41, 4, 4)(45, 4, 4)(47, 4, 3)(48, 4, 5)(50, 4, 4)(52, 4, 3)(53, 4, 5)(57, 4, 3)(58, 4, 5)(60, 4, 3)(61, 4, 3)(70, 4, 4)(80, 4, 3)(85, 4, 4)(89, 4, 5)(93, 4, 3)(94, 4, 5)(95, 4, 5)(98, 4, 3)(0, 3, 3)(5, 3, 3)(10, 3, 4)(12, 3, 4)(13, 3, 4)(17, 3, 5)(26, 3, 4)(28, 3, 3)(30, 3, 4)(31, 3, 5)(34, 3, 4)(35, 3, 3)(40, 3, 5)(43, 3, 4)(46, 3, 4)(51, 3, 3)(54, 3, 5)(55, 3, 4)(66, 3, 3)(67, 3, 3)(69, 3, 4)(73, 3, 5)(74, 3, 5)(76, 3, 5)(77, 3, 5)(83, 3, 3)(86, 3, 4)(90, 3, 3)(91, 3, 5)(92, 3, 3)(97, 3, 4)(99, 3, 4)

Queue 1: (1, 2, 2)(16, 2, 5)(33, 2, 3)(49, 2, 4)(64, 2, 4)(75, 2, 4)(84, 2, 4)(5, 3, 3)(26, 3, 4)(35, 3, 3)(54, 3, 5)(73, 3, 5)(86, 3, 4)(99, 3, 4)
Queue 2: (3, 2, 2)(18, 2, 5)(36, 2, 5)(56, 2, 3)(65, 2, 5)(78, 2, 5)(87, 2, 4)(10, 3, 4)(28, 3, 3)(40, 3, 5)(55, 3, 4)(74, 3, 5)(90, 3, 3)
Queue 3: (4, 2, 4)(25, 2, 3)(37, 2, 4)(59, 2, 4)(68, 2, 4)(79, 2, 5)(88, 2, 3)(12, 3, 4)(30, 3, 4)(43, 3, 4)(66, 3, 3)(76, 3, 5)(91, 3, 5)
Queue 4: (6, 2, 2)(29, 2, 4)(42, 2, 5)(62, 2, 5)(71, 2, 3)(81, 2, 4)(96, 2, 5)(13, 3, 4)(31, 3, 5)(46, 3, 4)(67, 3, 3)(77, 3, 5)(92, 3, 3)
Queue 5: (8, 2, 4)(32, 2, 3)(44, 2, 5)(63, 2, 3)(72, 2, 5)(82, 2, 4)(0, 3, 3)(17, 3, 5)(34, 3, 4)(51, 3, 3)(69, 3, 4)(83, 3, 3)(97, 3, 4)

Time: 4
Waiting Clients: (2, 4, 3)(7, 4, 5)(9, 4, 5)(11, 4, 4)(14, 4, 3)(15, 4, 3)(19, 4, 3)(20, 4, 3)(21, 4, 4)(22, 4, 3)(23, 4, 5)(24, 4, 4)(27, 4, 3)(38, 4, 3)(39, 4, 3)(41, 4, 4)(45, 4, 4)(47, 4, 3)(48, 4, 5)(50, 4, 4)(52, 4, 3)(53, 4, 5)(57, 4, 3)(58, 4, 5)(60, 4, 3)(61, 4, 3)(70, 4, 4)(80, 4, 3)(85, 4, 4)(89, 4, 5)(93, 4, 3)(94, 4, 5)(95, 4, 5)(98, 4, 3)

Queue 1: (1, 2, 1)(16, 2, 5)(33, 2, 3)(49, 2, 4)(64, 2, 4)(75, 2, 4)(84, 2, 4)(5, 3, 3)(26, 3, 4)(35, 3, 3)(54, 3, 5)(73, 3, 5)(86, 3, 4)(99, 3, 4)(14, 4, 3)(22, 4, 3)(39, 4, 3)(50, 4, 4)(60, 4, 3)(89, 4, 5)
Queue 2: (3, 2, 1)(18, 2, 5)(36, 2, 5)(56, 2, 3)(65, 2, 5)(78, 2, 5)(87, 2, 4)(10, 3, 4)(28, 3, 3)(40, 3, 5)(55, 3, 4)(74, 3, 5)(90, 3, 3)(2, 4, 3)(15, 4, 3)(23, 4, 5)(41, 4, 4)(52, 4, 3)(61, 4, 3)(93, 4, 3)
Queue 3: (4, 2, 3)(25, 2, 3)(37, 2, 4)(59, 2, 4)(68, 2, 4)(79, 2, 5)(88, 2, 3)(12, 3, 4)(30, 3, 4)(43, 3, 4)(66, 3, 3)(76, 3, 5)(91, 3, 5)(7, 4, 5)(19, 4, 3)(24, 4, 4)(45, 4, 4)(53, 4, 5)(70, 4, 4)(94, 4, 5)
Queue 4: (6, 2, 1)(29, 2, 4)(42, 2, 5)(62, 2, 5)(71, 2, 3)(81, 2, 4)(96, 2, 5)(13, 3, 4)(31, 3, 5)(46, 3, 4)(67, 3, 3)(77, 3, 5)(92, 3, 3)(9, 4, 5)(20, 4, 3)(27, 4, 3)(47, 4, 3)(57, 4, 3)(80, 4, 3)(95, 4, 5)
Queue 5: (8, 2, 3)(32, 2, 3)(44, 2, 5)(63, 2, 3)(72, 2, 5)(82, 2, 4)(0, 3, 3)(17, 3, 5)(34, 3, 4)(51, 3, 3)(69, 3, 4)(83, 3, 3)(97, 3, 4)(11, 4, 4)(21, 4, 4)(38, 4, 3)(48, 4, 5)(58, 4, 5)(85, 4, 4)(98, 4, 3)

Time: 5
Waiting Clients: 
Queue 1: (16, 2, 5)(33, 2, 3)(49, 2, 4)(64, 2, 4)(75, 2, 4)(84, 2, 4)(5, 3, 3)(26, 3, 4)(35, 3, 3)(54, 3, 5)(73, 3, 5)(86, 3, 4)(99, 3, 4)(14, 4, 3)(22, 4, 3)(39, 4, 3)(50, 4, 4)(60, 4, 3)(89, 4, 5)
Queue 2: (18, 2, 5)(36, 2, 5)(56, 2, 3)(65, 2, 5)(78, 2, 5)(87, 2, 4)(10, 3, 4)(28, 3, 3)(40, 3, 5)(55, 3, 4)(74, 3, 5)(90, 3, 3)(2, 4, 3)(15, 4, 3)(23, 4, 5)(41, 4, 4)(52, 4, 3)(61, 4, 3)(93, 4, 3)
Queue 3: (4, 2, 2)(25, 2, 3)(37, 2, 4)(59, 2, 4)(68, 2, 4)(79, 2, 5)(88, 2, 3)(12, 3, 4)(30, 3, 4)(43, 3, 4)(66, 3, 3)(76, 3, 5)(91, 3, 5)(7, 4, 5)(19, 4, 3)(24, 4, 4)(45, 4, 4)(53, 4, 5)(70, 4, 4)(94, 4, 5)
Queue 4: (29, 2, 4)(42, 2, 5)(62, 2, 5)(71, 2, 3)(81, 2, 4)(96, 2, 5)(13, 3, 4)(31, 3, 5)(46, 3, 4)(67, 3, 3)(77, 3, 5)(92, 3, 3)(9, 4, 5)(20, 4, 3)(27, 4, 3)(47, 4, 3)(57, 4, 3)(80, 4, 3)(95, 4, 5)
Queue 5: (8, 2, 2)(32, 2, 3)(44, 2, 5)(63, 2, 3)(72, 2, 5)(82, 2, 4)(0, 3, 3)(17, 3, 5)(34, 3, 4)(51, 3, 3)(69, 3, 4)(83, 3, 3)(97, 3, 4)(11, 4, 4)(21, 4, 4)(38, 4, 3)(48, 4, 5)(58, 4, 5)(85, 4, 4)(98, 4, 3)

Time: 6
Waiting Clients: 
Queue 1: (16, 2, 4)(33, 2, 3)(49, 2, 4)(64, 2, 4)(75, 2, 4)(84, 2, 4)(5, 3, 3)(26, 3, 4)(35, 3, 3)(54, 3, 5)(73, 3, 5)(86, 3, 4)(99, 3, 4)(14, 4, 3)(22, 4, 3)(39, 4, 3)(50, 4, 4)(60, 4, 3)(89, 4, 5)
Queue 2: (18, 2, 4)(36, 2, 5)(56, 2, 3)(65, 2, 5)(78, 2, 5)(87, 2, 4)(10, 3, 4)(28, 3, 3)(40, 3, 5)(55, 3, 4)(74, 3, 5)(90, 3, 3)(2, 4, 3)(15, 4, 3)(23, 4, 5)(41, 4, 4)(52, 4, 3)(61, 4, 3)(93, 4, 3)
Queue 3: (4, 2, 1)(25, 2, 3)(37, 2, 4)(59, 2, 4)(68, 2, 4)(79, 2, 5)(88, 2, 3)(12, 3, 4)(30, 3, 4)(43, 3, 4)(66, 3, 3)(76, 3, 5)(91, 3, 5)(7, 4, 5)(19, 4, 3)(24, 4, 4)(45, 4, 4)(53, 4, 5)(70, 4, 4)(94, 4, 5)
Queue 4: (29, 2, 3)(42, 2, 5)(62, 2, 5)(71, 2, 3)(81, 2, 4)(96, 2, 5)(13, 3, 4)(31, 3, 5)(46, 3, 4)(67, 3, 3)(77, 3, 5)(92, 3, 3)(9, 4, 5)(20, 4, 3)(27, 4, 3)(47, 4, 3)(57, 4, 3)(80, 4, 3)(95, 4, 5)
Queue 5: (8, 2, 1)(32, 2, 3)(44, 2, 5)(63, 2, 3)(72, 2, 5)(82, 2, 4)(0, 3, 3)(17, 3, 5)(34, 3, 4)(51, 3, 3)(69, 3, 4)(83, 3, 3)(97, 3, 4)(11, 4, 4)(21, 4, 4)(38, 4, 3)(48, 4, 5)(58, 4, 5)(85, 4, 4)(98, 4, 3)

Time: 7
Waiting Clients: 
Queue 1: (16, 2, 3)(33, 2, 3)(49, 2, 4)(64, 2, 4)(75, 2, 4)(84, 2, 4)(5, 3, 3)(26, 3, 4)(35, 3, 3)(54, 3, 5)(73, 3, 5)(86, 3, 4)(99, 3, 4)(14, 4, 3)(22, 4, 3)(39, 4, 3)(50, 4, 4)(60, 4, 3)(89, 4, 5)
Queue 2: (18, 2, 3)(36, 2, 5)(56, 2, 3)(65, 2, 5)(78, 2, 5)(87, 2, 4)(10, 3, 4)(28, 3, 3)(40, 3, 5)(55, 3, 4)(74, 3, 5)(90, 3, 3)(2, 4, 3)(15, 4, 3)(23, 4, 5)(41, 4, 4)(52, 4, 3)(61, 4, 3)(93, 4, 3)
Queue 3: (25, 2, 3)(37, 2, 4)(59, 2, 4)(68, 2, 4)(79, 2, 5)(88, 2, 3)(12, 3, 4)(30, 3, 4)(43, 3, 4)(66, 3, 3)(76, 3, 5)(91, 3, 5)(7, 4, 5)(19, 4, 3)(24, 4, 4)(45, 4, 4)(53, 4, 5)(70, 4, 4)(94, 4, 5)
Queue 4: (29, 2, 2)(42, 2, 5)(62, 2, 5)(71, 2, 3)(81, 2, 4)(96, 2, 5)(13, 3, 4)(31, 3, 5)(46, 3, 4)(67, 3, 3)(77, 3, 5)(92, 3, 3)(9, 4, 5)(20, 4, 3)(27, 4, 3)(47, 4, 3)(57, 4, 3)(80, 4, 3)(95, 4, 5)
Queue 5: (32, 2, 3)(44, 2, 5)(63, 2, 3)(72, 2, 5)(82, 2, 4)(0, 3, 3)(17, 3, 5)(34, 3, 4)(51, 3, 3)(69, 3, 4)(83, 3, 3)(97, 3, 4)(11, 4, 4)(21, 4, 4)(38, 4, 3)(48, 4, 5)(58, 4, 5)(85, 4, 4)(98, 4, 3)

Time: 8
Waiting Clients: 
Queue 1: (16, 2, 2)(33, 2, 3)(49, 2, 4)(64, 2, 4)(75, 2, 4)(84, 2, 4)(5, 3, 3)(26, 3, 4)(35, 3, 3)(54, 3, 5)(73, 3, 5)(86, 3, 4)(99, 3, 4)(14, 4, 3)(22, 4, 3)(39, 4, 3)(50, 4, 4)(60, 4, 3)(89, 4, 5)
Queue 2: (18, 2, 2)(36, 2, 5)(56, 2, 3)(65, 2, 5)(78, 2, 5)(87, 2, 4)(10, 3, 4)(28, 3, 3)(40, 3, 5)(55, 3, 4)(74, 3, 5)(90, 3, 3)(2, 4, 3)(15, 4, 3)(23, 4, 5)(41, 4, 4)(52, 4, 3)(61, 4, 3)(93, 4, 3)
Queue 3: (25, 2, 2)(37, 2, 4)(59, 2, 4)(68, 2, 4)(79, 2, 5)(88, 2, 3)(12, 3, 4)(30, 3, 4)(43, 3, 4)(66, 3, 3)(76, 3, 5)(91, 3, 5)(7, 4, 5)(19, 4, 3)(24, 4, 4)(45, 4, 4)(53, 4, 5)(70, 4, 4)(94, 4, 5)
Queue 4: (29, 2, 1)(42, 2, 5)(62, 2, 5)(71, 2, 3)(81, 2, 4)(96, 2, 5)(13, 3, 4)(31, 3, 5)(46, 3, 4)(67, 3, 3)(77, 3, 5)(92, 3, 3)(9, 4, 5)(20, 4, 3)(27, 4, 3)(47, 4, 3)(57, 4, 3)(80, 4, 3)(95, 4, 5)
Queue 5: (32, 2, 2)(44, 2, 5)(63, 2, 3)(72, 2, 5)(82, 2, 4)(0, 3, 3)(17, 3, 5)(34, 3, 4)(51, 3, 3)(69, 3, 4)(83, 3, 3)(97, 3, 4)(11, 4, 4)(21, 4, 4)(38, 4, 3)(48, 4, 5)(58, 4, 5)(85, 4, 4)(98, 4, 3)

Time: 9
Waiting Clients: 
Queue 1: (16, 2, 1)(33, 2, 3)(49, 2, 4)(64, 2, 4)(75, 2, 4)(84, 2, 4)(5, 3, 3)(26, 3, 4)(35, 3, 3)(54, 3, 5)(73, 3, 5)(86, 3, 4)(99, 3, 4)(14, 4, 3)(22, 4, 3)(39, 4, 3)(50, 4, 4)(60, 4, 3)(89, 4, 5)
Queue 2: (18, 2, 1)(36, 2, 5)(56, 2, 3)(65, 2, 5)(78, 2, 5)(87, 2, 4)(10, 3, 4)(28, 3, 3)(40, 3, 5)(55, 3, 4)(74, 3, 5)(90, 3, 3)(2, 4, 3)(15, 4, 3)(23, 4, 5)(41, 4, 4)(52, 4, 3)(61, 4, 3)(93, 4, 3)
Queue 3: (25, 2, 1)(37, 2, 4)(59, 2, 4)(68, 2, 4)(79, 2, 5)(88, 2, 3)(12, 3, 4)(30, 3, 4)(43, 3, 4)(66, 3, 3)(76, 3, 5)(91, 3, 5)(7, 4, 5)(19, 4, 3)(24, 4, 4)(45, 4, 4)(53, 4, 5)(70, 4, 4)(94, 4, 5)
Queue 4: (42, 2, 5)(62, 2, 5)(71, 2, 3)(81, 2, 4)(96, 2, 5)(13, 3, 4)(31, 3, 5)(46, 3, 4)(67, 3, 3)(77, 3, 5)(92, 3, 3)(9, 4, 5)(20, 4, 3)(27, 4, 3)(47, 4, 3)(57, 4, 3)(80, 4, 3)(95, 4, 5)
Queue 5: (32, 2, 1)(44, 2, 5)(63, 2, 3)(72, 2, 5)(82, 2, 4)(0, 3, 3)(17, 3, 5)(34, 3, 4)(51, 3, 3)(69, 3, 4)(83, 3, 3)(97, 3, 4)(11, 4, 4)(21, 4, 4)(38, 4, 3)(48, 4, 5)(58, 4, 5)(85, 4, 4)(98, 4, 3)

Time: 10
Waiting Clients: 
Queue 1: (33, 2, 3)(49, 2, 4)(64, 2, 4)(75, 2, 4)(84, 2, 4)(5, 3, 3)(26, 3, 4)(35, 3, 3)(54, 3, 5)(73, 3, 5)(86, 3, 4)(99, 3, 4)(14, 4, 3)(22, 4, 3)(39, 4, 3)(50, 4, 4)(60, 4, 3)(89, 4, 5)
Queue 2: (36, 2, 5)(56, 2, 3)(65, 2, 5)(78, 2, 5)(87, 2, 4)(10, 3, 4)(28, 3, 3)(40, 3, 5)(55, 3, 4)(74, 3, 5)(90, 3, 3)(2, 4, 3)(15, 4, 3)(23, 4, 5)(41, 4, 4)(52, 4, 3)(61, 4, 3)(93, 4, 3)
Queue 3: (37, 2, 4)(59, 2, 4)(68, 2, 4)(79, 2, 5)(88, 2, 3)(12, 3, 4)(30, 3, 4)(43, 3, 4)(66, 3, 3)(76, 3, 5)(91, 3, 5)(7, 4, 5)(19, 4, 3)(24, 4, 4)(45, 4, 4)(53, 4, 5)(70, 4, 4)(94, 4, 5)
Queue 4: (42, 2, 4)(62, 2, 5)(71, 2, 3)(81, 2, 4)(96, 2, 5)(13, 3, 4)(31, 3, 5)(46, 3, 4)(67, 3, 3)(77, 3, 5)(92, 3, 3)(9, 4, 5)(20, 4, 3)(27, 4, 3)(47, 4, 3)(57, 4, 3)(80, 4, 3)(95, 4, 5)
Queue 5: (44, 2, 5)(63, 2, 3)(72, 2, 5)(82, 2, 4)(0, 3, 3)(17, 3, 5)(34, 3, 4)(51, 3, 3)(69, 3, 4)(83, 3, 3)(97, 3, 4)(11, 4, 4)(21, 4, 4)(38, 4, 3)(48, 4, 5)(58, 4, 5)(85, 4, 4)(98, 4, 3)

Time: 11
Waiting Clients: 
Queue 1: (33, 2, 2)(49, 2, 4)(64, 2, 4)(75, 2, 4)(84, 2, 4)(5, 3, 3)(26, 3, 4)(35, 3, 3)(54, 3, 5)(73, 3, 5)(86, 3, 4)(99, 3, 4)(14, 4, 3)(22, 4, 3)(39, 4, 3)(50, 4, 4)(60, 4, 3)(89, 4, 5)
Queue 2: (36, 2, 4)(56, 2, 3)(65, 2, 5)(78, 2, 5)(87, 2, 4)(10, 3, 4)(28, 3, 3)(40, 3, 5)(55, 3, 4)(74, 3, 5)(90, 3, 3)(2, 4, 3)(15, 4, 3)(23, 4, 5)(41, 4, 4)(52, 4, 3)(61, 4, 3)(93, 4, 3)
Queue 3: (37, 2, 3)(59, 2, 4)(68, 2, 4)(79, 2, 5)(88, 2, 3)(12, 3, 4)(30, 3, 4)(43, 3, 4)(66, 3, 3)(76, 3, 5)(91, 3, 5)(7, 4, 5)(19, 4, 3)(24, 4, 4)(45, 4, 4)(53, 4, 5)(70, 4, 4)(94, 4, 5)
Queue 4: (42, 2, 3)(62, 2, 5)(71, 2, 3)(81, 2, 4)(96, 2, 5)(13, 3, 4)(31, 3, 5)(46, 3, 4)(67, 3, 3)(77, 3, 5)(92, 3, 3)(9, 4, 5)(20, 4, 3)(27, 4, 3)(47, 4, 3)(57, 4, 3)(80, 4, 3)(95, 4, 5)
Queue 5: (44, 2, 4)(63, 2, 3)(72, 2, 5)(82, 2, 4)(0, 3, 3)(17, 3, 5)(34, 3, 4)(51, 3, 3)(69, 3, 4)(83, 3, 3)(97, 3, 4)(11, 4, 4)(21, 4, 4)(38, 4, 3)(48, 4, 5)(58, 4, 5)(85, 4, 4)(98, 4, 3)

Time: 12
Waiting Clients: 
Queue 1: (33, 2, 1)(49, 2, 4)(64, 2, 4)(75, 2, 4)(84, 2, 4)(5, 3, 3)(26, 3, 4)(35, 3, 3)(54, 3, 5)(73, 3, 5)(86, 3, 4)(99, 3, 4)(14, 4, 3)(22, 4, 3)(39, 4, 3)(50, 4, 4)(60, 4, 3)(89, 4, 5)
Queue 2: (36, 2, 3)(56, 2, 3)(65, 2, 5)(78, 2, 5)(87, 2, 4)(10, 3, 4)(28, 3, 3)(40, 3, 5)(55, 3, 4)(74, 3, 5)(90, 3, 3)(2, 4, 3)(15, 4, 3)(23, 4, 5)(41, 4, 4)(52, 4, 3)(61, 4, 3)(93, 4, 3)
Queue 3: (37, 2, 2)(59, 2, 4)(68, 2, 4)(79, 2, 5)(88, 2, 3)(12, 3, 4)(30, 3, 4)(43, 3, 4)(66, 3, 3)(76, 3, 5)(91, 3, 5)(7, 4, 5)(19, 4, 3)(24, 4, 4)(45, 4, 4)(53, 4, 5)(70, 4, 4)(94, 4, 5)
Queue 4: (42, 2, 2)(62, 2, 5)(71, 2, 3)(81, 2, 4)(96, 2, 5)(13, 3, 4)(31, 3, 5)(46, 3, 4)(67, 3, 3)(77, 3, 5)(92, 3, 3)(9, 4, 5)(20, 4, 3)(27, 4, 3)(47, 4, 3)(57, 4, 3)(80, 4, 3)(95, 4, 5)
Queue 5: (44, 2, 3)(63, 2, 3)(72, 2, 5)(82, 2, 4)(0, 3, 3)(17, 3, 5)(34, 3, 4)(51, 3, 3)(69, 3, 4)(83, 3, 3)(97, 3, 4)(11, 4, 4)(21, 4, 4)(38, 4, 3)(48, 4, 5)(58, 4, 5)(85, 4, 4)(98, 4, 3)

Time: 13
Waiting Clients: 
Queue 1: (49, 2, 4)(64, 2, 4)(75, 2, 4)(84, 2, 4)(5, 3, 3)(26, 3, 4)(35, 3, 3)(54, 3, 5)(73, 3, 5)(86, 3, 4)(99, 3, 4)(14, 4, 3)(22, 4, 3)(39, 4, 3)(50, 4, 4)(60, 4, 3)(89, 4, 5)
Queue 2: (36, 2, 2)(56, 2, 3)(65, 2, 5)(78, 2, 5)(87, 2, 4)(10, 3, 4)(28, 3, 3)(40, 3, 5)(55, 3, 4)(74, 3, 5)(90, 3, 3)(2, 4, 3)(15, 4, 3)(23, 4, 5)(41, 4, 4)(52, 4, 3)(61, 4, 3)(93, 4, 3)
Queue 3: (37, 2, 1)(59, 2, 4)(68, 2, 4)(79, 2, 5)(88, 2, 3)(12, 3, 4)(30, 3, 4)(43, 3, 4)(66, 3, 3)(76, 3, 5)(91, 3, 5)(7, 4, 5)(19, 4, 3)(24, 4, 4)(45, 4, 4)(53, 4, 5)(70, 4, 4)(94, 4, 5)
Queue 4: (42, 2, 1)(62, 2, 5)(71, 2, 3)(81, 2, 4)(96, 2, 5)(13, 3, 4)(31, 3, 5)(46, 3, 4)(67, 3, 3)(77, 3, 5)(92, 3, 3)(9, 4, 5)(20, 4, 3)(27, 4, 3)(47, 4, 3)(57, 4, 3)(80, 4, 3)(95, 4, 5)
Queue 5: (44, 2, 2)(63, 2, 3)(72, 2, 5)(82, 2, 4)(0, 3, 3)(17, 3, 5)(34, 3, 4)(51, 3, 3)(69, 3, 4)(83, 3, 3)(97, 3, 4)(11, 4, 4)(21, 4, 4)(38, 4, 3)(48, 4, 5)(58, 4, 5)(85, 4, 4)(98, 4, 3)

Time: 14
Waiting Clients: 
Queue 1: (49, 2, 3)(64, 2, 4)(75, 2, 4)(84, 2, 4)(5, 3, 3)(26, 3, 4)(35, 3, 3)(54, 3, 5)(73, 3, 5)(86, 3, 4)(99, 3, 4)(14, 4, 3)(22, 4, 3)(39, 4, 3)(50, 4, 4)(60, 4, 3)(89, 4, 5)
Queue 2: (36, 2, 1)(56, 2, 3)(65, 2, 5)(78, 2, 5)(87, 2, 4)(10, 3, 4)(28, 3, 3)(40, 3, 5)(55, 3, 4)(74, 3, 5)(90, 3, 3)(2, 4, 3)(15, 4, 3)(23, 4, 5)(41, 4, 4)(52, 4, 3)(61, 4, 3)(93, 4, 3)
Queue 3: (59, 2, 4)(68, 2, 4)(79, 2, 5)(88, 2, 3)(12, 3, 4)(30, 3, 4)(43, 3, 4)(66, 3, 3)(76, 3, 5)(91, 3, 5)(7, 4, 5)(19, 4, 3)(24, 4, 4)(45, 4, 4)(53, 4, 5)(70, 4, 4)(94, 4, 5)
Queue 4: (62, 2, 5)(71, 2, 3)(81, 2, 4)(96, 2, 5)(13, 3, 4)(31, 3, 5)(46, 3, 4)(67, 3, 3)(77, 3, 5)(92, 3, 3)(9, 4, 5)(20, 4, 3)(27, 4, 3)(47, 4, 3)(57, 4, 3)(80, 4, 3)(95, 4, 5)
Queue 5: (44, 2, 1)(63, 2, 3)(72, 2, 5)(82, 2, 4)(0, 3, 3)(17, 3, 5)(34, 3, 4)(51, 3, 3)(69, 3, 4)(83, 3, 3)(97, 3, 4)(11, 4, 4)(21, 4, 4)(38, 4, 3)(48, 4, 5)(58, 4, 5)(85, 4, 4)(98, 4, 3)

Time: 15
Waiting Clients: 
Queue 1: (49, 2, 2)(64, 2, 4)(75, 2, 4)(84, 2, 4)(5, 3, 3)(26, 3, 4)(35, 3, 3)(54, 3, 5)(73, 3, 5)(86, 3, 4)(99, 3, 4)(14, 4, 3)(22, 4, 3)(39, 4, 3)(50, 4, 4)(60, 4, 3)(89, 4, 5)
Queue 2: (56, 2, 3)(65, 2, 5)(78, 2, 5)(87, 2, 4)(10, 3, 4)(28, 3, 3)(40, 3, 5)(55, 3, 4)(74, 3, 5)(90, 3, 3)(2, 4, 3)(15, 4, 3)(23, 4, 5)(41, 4, 4)(52, 4, 3)(61, 4, 3)(93, 4, 3)
Queue 3: (59, 2, 3)(68, 2, 4)(79, 2, 5)(88, 2, 3)(12, 3, 4)(30, 3, 4)(43, 3, 4)(66, 3, 3)(76, 3, 5)(91, 3, 5)(7, 4, 5)(19, 4, 3)(24, 4, 4)(45, 4, 4)(53, 4, 5)(70, 4, 4)(94, 4, 5)
Queue 4: (62, 2, 4)(71, 2, 3)(81, 2, 4)(96, 2, 5)(13, 3, 4)(31, 3, 5)(46, 3, 4)(67, 3, 3)(77, 3, 5)(92, 3, 3)(9, 4, 5)(20, 4, 3)(27, 4, 3)(47, 4, 3)(57, 4, 3)(80, 4, 3)(95, 4, 5)
Queue 5: (63, 2, 3)(72, 2, 5)(82, 2, 4)(0, 3, 3)(17, 3, 5)(34, 3, 4)(51, 3, 3)(69, 3, 4)(83, 3, 3)(97, 3, 4)(11, 4, 4)(21, 4, 4)(38, 4, 3)(48, 4, 5)(58, 4, 5)(85, 4, 4)(98, 4, 3)

Time: 16
Waiting Clients: 
Queue 1: (49, 2, 1)(64, 2, 4)(75, 2, 4)(84, 2, 4)(5, 3, 3)(26, 3, 4)(35, 3, 3)(54, 3, 5)(73, 3, 5)(86, 3, 4)(99, 3, 4)(14, 4, 3)(22, 4, 3)(39, 4, 3)(50, 4, 4)(60, 4, 3)(89, 4, 5)
Queue 2: (56, 2, 1)(65, 2, 5)(78, 2, 5)(87, 2, 4)(10, 3, 4)(28, 3, 3)(40, 3, 5)(55, 3, 4)(74, 3, 5)(90, 3, 3)(2, 4, 3)(15, 4, 3)(23, 4, 5)(41, 4, 4)(52, 4, 3)(61, 4, 3)(93, 4, 3)
Queue 3: (59, 2, 1)(68, 2, 4)(79, 2, 5)(88, 2, 3)(12, 3, 4)(30, 3, 4)(43, 3, 4)(66, 3, 3)(76, 3, 5)(91, 3, 5)(7, 4, 5)(19, 4, 3)(24, 4, 4)(45, 4, 4)(53, 4, 5)(70, 4, 4)(94, 4, 5)
Queue 4: (62, 2, 2)(71, 2, 3)(81, 2, 4)(96, 2, 5)(13, 3, 4)(31, 3, 5)(46, 3, 4)(67, 3, 3)(77, 3, 5)(92, 3, 3)(9, 4, 5)(20, 4, 3)(27, 4, 3)(47, 4, 3)(57, 4, 3)(80, 4, 3)(95, 4, 5)
Queue 5: (63, 2, 1)(72, 2, 5)(82, 2, 4)(0, 3, 3)(17, 3, 5)(34, 3, 4)(51, 3, 3)(69, 3, 4)(83, 3, 3)(97, 3, 4)(11, 4, 4)(21, 4, 4)(38, 4, 3)(48, 4, 5)(58, 4, 5)(85, 4, 4)(98, 4, 3)

Time: 17
Waiting Clients: 
Queue 1: (64, 2, 3)(75, 2, 4)(84, 2, 4)(5, 3, 3)(26, 3, 4)(35, 3, 3)(54, 3, 5)(73, 3, 5)(86, 3, 4)(99, 3, 4)(14, 4, 3)(22, 4, 3)(39, 4, 3)(50, 4, 4)(60, 4, 3)(89, 4, 5)
Queue 2: (65, 2, 5)(78, 2, 5)(87, 2, 4)(10, 3, 4)(28, 3, 3)(40, 3, 5)(55, 3, 4)(74, 3, 5)(90, 3, 3)(2, 4, 3)(15, 4, 3)(23, 4, 5)(41, 4, 4)(52, 4, 3)(61, 4, 3)(93, 4, 3)
Queue 3: (68, 2, 4)(79, 2, 5)(88, 2, 3)(12, 3, 4)(30, 3, 4)(43, 3, 4)(66, 3, 3)(76, 3, 5)(91, 3, 5)(7, 4, 5)(19, 4, 3)(24, 4, 4)(45, 4, 4)(53, 4, 5)(70, 4, 4)(94, 4, 5)
Queue 4: (62, 2, 1)(71, 2, 3)(81, 2, 4)(96, 2, 5)(13, 3, 4)(31, 3, 5)(46, 3, 4)(67, 3, 3)(77, 3, 5)(92, 3, 3)(9, 4, 5)(20, 4, 3)(27, 4, 3)(47, 4, 3)(57, 4, 3)(80, 4, 3)(95, 4, 5)
Queue 5: (72, 2, 5)(82, 2, 4)(0, 3, 3)(17, 3, 5)(34, 3, 4)(51, 3, 3)(69, 3, 4)(83, 3, 3)(97, 3, 4)(11, 4, 4)(21, 4, 4)(38, 4, 3)(48, 4, 5)(58, 4, 5)(85, 4, 4)(98, 4, 3)

Time: 18
Waiting Clients: 
Queue 1: (64, 2, 2)(75, 2, 4)(84, 2, 4)(5, 3, 3)(26, 3, 4)(35, 3, 3)(54, 3, 5)(73, 3, 5)(86, 3, 4)(99, 3, 4)(14, 4, 3)(22, 4, 3)(39, 4, 3)(50, 4, 4)(60, 4, 3)(89, 4, 5)
Queue 2: (65, 2, 4)(78, 2, 5)(87, 2, 4)(10, 3, 4)(28, 3, 3)(40, 3, 5)(55, 3, 4)(74, 3, 5)(90, 3, 3)(2, 4, 3)(15, 4, 3)(23, 4, 5)(41, 4, 4)(52, 4, 3)(61, 4, 3)(93, 4, 3)
Queue 3: (68, 2, 3)(79, 2, 5)(88, 2, 3)(12, 3, 4)(30, 3, 4)(43, 3, 4)(66, 3, 3)(76, 3, 5)(91, 3, 5)(7, 4, 5)(19, 4, 3)(24, 4, 4)(45, 4, 4)(53, 4, 5)(70, 4, 4)(94, 4, 5)
Queue 4: (71, 2, 3)(81, 2, 4)(96, 2, 5)(13, 3, 4)(31, 3, 5)(46, 3, 4)(67, 3, 3)(77, 3, 5)(92, 3, 3)(9, 4, 5)(20, 4, 3)(27, 4, 3)(47, 4, 3)(57, 4, 3)(80, 4, 3)(95, 4, 5)
Queue 5: (72, 2, 4)(82, 2, 4)(0, 3, 3)(17, 3, 5)(34, 3, 4)(51, 3, 3)(69, 3, 4)(83, 3, 3)(97, 3, 4)(11, 4, 4)(21, 4, 4)(38, 4, 3)(48, 4, 5)(58, 4, 5)(85, 4, 4)(98, 4, 3)

Time: 19
Waiting Clients: 
Queue 1: (64, 2, 1)(75, 2, 4)(84, 2, 4)(5, 3, 3)(26, 3, 4)(35, 3, 3)(54, 3, 5)(73, 3, 5)(86, 3, 4)(99, 3, 4)(14, 4, 3)(22, 4, 3)(39, 4, 3)(50, 4, 4)(60, 4, 3)(89, 4, 5)
Queue 2: (65, 2, 3)(78, 2, 5)(87, 2, 4)(10, 3, 4)(28, 3, 3)(40, 3, 5)(55, 3, 4)(74, 3, 5)(90, 3, 3)(2, 4, 3)(15, 4, 3)(23, 4, 5)(41, 4, 4)(52, 4, 3)(61, 4, 3)(93, 4, 3)
Queue 3: (68, 2, 2)(79, 2, 5)(88, 2, 3)(12, 3, 4)(30, 3, 4)(43, 3, 4)(66, 3, 3)(76, 3, 5)(91, 3, 5)(7, 4, 5)(19, 4, 3)(24, 4, 4)(45, 4, 4)(53, 4, 5)(70, 4, 4)(94, 4, 5)
Queue 4: (71, 2, 2)(81, 2, 4)(96, 2, 5)(13, 3, 4)(31, 3, 5)(46, 3, 4)(67, 3, 3)(77, 3, 5)(92, 3, 3)(9, 4, 5)(20, 4, 3)(27, 4, 3)(47, 4, 3)(57, 4, 3)(80, 4, 3)(95, 4, 5)
Queue 5: (72, 2, 3)(82, 2, 4)(0, 3, 3)(17, 3, 5)(34, 3, 4)(51, 3, 3)(69, 3, 4)(83, 3, 3)(97, 3, 4)(11, 4, 4)(21, 4, 4)(38, 4, 3)(48, 4, 5)(58, 4, 5)(85, 4, 4)(98, 4, 3)
